    unsorted:	 2.247212826e-13 2.256363918e-05 9.095067186 8.426695056 15.91935175 33.05055860 70.55678520 119.9637270 153.4164424 187.9632323 235.1235347 302.1272074 539.7303068 558.9967368 605.5934048 652.2881622 816.3566014 924.7583762 959.4006023 1235.277516 1426.614520 1478.729190 1873.390674 2163.498223 2202.124171 2078.170110 2335.002384 2473.281521 2535.920722 2632.431552 2966.338285 2937.447578 3120.316840 3401.171497 3704.119678 3789.665924 4265.213049 4324.169809 4714.827440 5545.181506 6913.437475 7140.067334 7746.727786 8005.050997 8805.730446 9053.643810 9609.268972 10524.90160 11203.69347 15929.67155 16594.12126 22191.36451 25573.71235 31355.19084 34548.30990 42604.73843 258711.2619
      sorted:	 2.247212826e-13 2.256363918e-05 8.426695056 9.095067186 15.91935175 33.05055860 70.55678520 119.9637270 153.4164424 187.9632323 235.1235347 302.1272074 539.7303068 558.9967368 605.5934048 652.2881622 816.3566014 924.7583762 959.4006023 1235.277516 1426.614520 1478.729190 1873.390674 2078.170110 2163.498223 2202.124171 2335.002384 2473.281521 2535.920722 2632.431552 2937.447578 2966.338285 3120.316840 3401.171497 3704.119678 3789.665924 4265.213049 4324.169809 4714.827440 5545.181506 6913.437475 7140.067334 7746.727786 8005.050997 8805.730446 9053.643810 9609.268972 10524.90160 11203.69347 15929.67155 16594.12126 22191.36451 25573.71235 31355.19084 34548.30990 42604.73843 258711.2619
